55 4E 41 4D 45 28 31 29 20 20 20 20 20 20 20 20 20 20 20 20
20 20 20 20 20 20 20 20 20 20 20 20 20 20 20 20 20 20 20 20
20 20 20 20 20 20 20 20 20 20 20 20 20 55 73 65 72 20 43 6F
6D 6D 61 6E 64 73 20 20 20 20 20 20 20 20 20 20 20 20 20 20
20 20 20 20 20 20 20 20 20 20 20 20 20 20 20 20 20 20 20 20
20 20 20 20 20 20 20 20 20 20 20 55 4E 41 4D 45 28 31 29 0A
0A 4E 41 4D 45 0A 20 20 20 20 20 20 20 75 6E 61 6D 65 20 2D
20 70 72 69 6E 74 20 73 79 73 74 65 6D 20 69 6E 66 6F 72 6D
61 74 69 6F 6E 0A 0A 53 59 4E 4F 50 53 49 53 0A 20 20 20 20
20 20 20 75 6E 61 6D 65 20 5B 4F 50 54 49 4F 4E 5D 2E 2E 2E
0A 0A 44 45 53 43 52 49 50 54 49 4F 4E 0A 20 20 20 20 20 20
20 50 72 69 6E 74 20 63 65 72 74 61 69 6E 20 73 79 73 74 65
6D 20 69 6E 66 6F 72 6D 61 74 69 6F 6E 2E 20 20 57 69 74 68
20 6E 6F 20 4F 50 54 49 4F 4E 2C 20 73 61 6D 65 20 61 73 20
2D 73 2E 0A 0A 20 20 20 20 20 20 20 2D 61 2C 20 2D 2D 61 6C
6C 0A 20 20 20 20 20 20 20 20 20 20 20 20 20 20 70 72 69 6E
74 20 61 6C 6C 20 69 6E 66 6F 72 6D 61 74 69 6F 6E 2C 20 69
6E 20 74 68 65 20 66 6F 6C 6C 6F 77 69 6E 67 20 6F 72 64 65
72 2C 20 65 78 63 65 70 74 20 6F 6D 69 74 20 2D 70 20 61 6E
64 20 2D 69 20 69 66 20 75 6E 6B 6E 6F 77 6E 3A 0A 0A 20 20
20 20 20 20 20 2D 73 2C 20 2D 2D 6B 65 72 6E 65 6C 2D 6E 61
6D 65 0A 20 20 20 20 20 20 20 20 20 20 20 20 20 20 70 72 69
6E 74 20 74 68 65 20 6B 65 72 6E 65 6C 20 6E 61 6D 65 0A 0A
20 20 20 20 20 20 20 2D 6E 2C 20 2D 2D 6E 6F 64 65 6E 61 6D
65 0A 20 20 20 20 20 20 20 20 20 20 20 20 20 20 70 72 69 6E
74 20 74 68 65 20 6E 65 74 77 6F 72 6B 20 6E 6F 64 65 20 68
6F 73 74 6E 61 6D 65 0A 0A 20 20 20 20 20 20 20 2D 72 2C 20
2D 2D 6B 65 72 6E 65 6C 2D 72 65 6C 65 61 73 65 0A 20 20 20
20 20 20 20 20 20 20 20 20 20 20 70 72 69 6E 74 20 74 68 65
20 6B 65 72 6E 65 6C 20 72 65 6C 65 61 73 65 0A 0A 20 20 20
20 20 20 20 2D 76 2C 20 2D 2D 6B 65 72 6E 65 6C 2D 76 65 72
73 69 6F 6E 0A 20 20 20 20 20 20 20 20 20 20 20 20 20 20 70
72 69 6E 74 20 74 68 65 20 6B 65 72 6E 65 6C 20 76 65 72 73
69 6F 6E 0A 0A 20 20 20 20 20 20 20 2D 6D 2C 20 2D 2D 6D 61
63 68 69 6E 65 0A 20 20 20 20 20 20 20 20 20 20 20 20 20 20
70 72 69 6E 74 20 74 68 65 20 6D 61 63 68 69 6E 65 20 68 61
72 64 77 61 72 65 20 6E 61 6D 65 0A 0A 20 20 20 20 20 20 20
2D 70 2C 20 2D 2D 70 72 6F 63 65 73 73 6F 72 0A 20 20 20 20
20 20 20 20 20 20 20 20 20 20 70 72 69 6E 74 20 74 68 65 20
70 72 6F 63 65 73 73 6F 72 20 74 79 70 65 20 6F 72 20 22 75
6E 6B 6E 6F 77 6E 22 0A 0A 20 20 20 20 20 20 20 2D 69 2C 20
2D 2D 68 61 72 64 77 61 72 65 2D 70 6C 61 74 66 6F 72 6D 0A
20 20 20 20 20 20 20 20 20 20 20 20 20 20 70 72 69 6E 74 20
74 68 65 20 68 61 72 64 77 61 72 65 20 70 6C 61 74 66 6F 72
6D 20 6F 72 20 22 75 6E 6B 6E 6F 77 6E 22 0A 0A 20 20 20 20
20 20 20 2D 6F 2C 20 2D 2D 6F 70 65 72 61 74 69 6E 67 2D 73
79 73 74 65 6D 0A 20 20 20 20 20 20 20 20 20 20 20 20 20 20
70 72 69 6E 74 20 74 68 65 20 6F 70 65 72 61 74 69 6E 67 20
73 79 73 74 65 6D 0A 0A 20 20 20 20 20 20 20 2D 2D 68 65 6C
70 20 64 69 73 70 6C 61 79 20 74 68 69 73 20 68 65 6C 70 20
61 6E 64 20 65 78 69 74 0A 0A 20 20 20 20 20 20 20 2D 2D 76
65 72 73 69 6F 6E 0A 20 20 20 20 20 20 20 20 20 20 20 20 20
20 6F 75 74 70 75 74 20 76 65 72 73 69 6F 6E 20 69 6E 66 6F
72 6D 61 74 69 6F 6E 20 61 6E 64 20 65 78 69 74 0A 0A 41 55
54 48 4F 52 0A 20 20 20 20 20 20 20 57 72 69 74 74 65 6E 20
62 79 20 44 61 76 69 64 20 4D 61 63 4B 65 6E 7A 69 65 2E 0A
0A 52 45 50 4F 52 54 49 4E 47 20 42 55 47 53 0A 20 20 20 20
20 20 20 52 65 70 6F 72 74 20 62 75 67 73 20 74 6F 20 3C 62
75 67 2D 63 6F 72 65 75 74 69 6C 73 40 67 6E 75 2E 6F 72 67
3E 2E 0A 0A 43 4F 50 59 52 49 47 48 54 0A 20 20 20 20 20 20
20 43 6F 70 79 72 69 67 68 74 20 20 20 C2 A9 20 20 20 32 30
30 38 20 20 20 46 72 65 65 20 20 20 53 6F 66 74 77 61 72 65
20 20 20 46 6F 75 6E 64 61 74 69 6F 6E 2C 20 20 20 49 6E 63
2E 20 20 20 20 4C 69 63 65 6E 73 65 20 20 47 50 4C 76 33 2B
3A 20 20 47 4E 55 20 20 47 50 4C 20 20 76 65 72 73 69 6F 6E
20 20 33 20 20 6F 72 20 20 6C 61 74 65 72 0A 20 20 20 20 20
20 20 3C 68 74 74 70 3A 2F 2F 67 6E 75 2E 6F 72 67 2F 6C 69
63 65 6E 73 65 73 2F 67 70 6C 2E 68 74 6D 6C 3E 0A 20 20 20
20 20 20 20 54 68 69 73 20 69 73 20 66 72 65 65 20 73 6F 66
74 77 61 72 65 3A 20 79 6F 75 20 61 72 65 20 66 72 65 65 20
74 6F 20 63 68 61 6E 67 65 20 61 6E 64 20 72 65 64 69 73 74
72 69 62 75 74 65 20 69 74 2E 20 20 54 68 65 72 65 20 69 73
20 4E 4F 20 57 41 52 52 41 4E 54 59 2C 20 74 6F 20 74 68 65
20 65 78 74 65 6E 74 20 20 70 65 72 6D 69 74 E2 80 90 0A 20
20 20 20 20 20 20 74 65 64 20 62 79 20 6C 61 77 2E 0A 0A 53
45 45 20 41 4C 53 4F 0A 20 20 20 20 20 20 20 61 72 63 68 28
31 29 2C 20 75 6E 61 6D 65 28 32 29 0A 0A 20 20 20 20 20 20
20 54 68 65 20 66 75 6C 6C 20 64 6F 63 75 6D 65 6E 74 61 74
69 6F 6E 20 66 6F 72 20 75 6E 61 6D 65 20 69 73 20 6D 61 69
6E 74 61 69 6E 65 64 20 61 73 20 61 20 54 65 78 69 6E 66 6F
20 6D 61 6E 75 61 6C 2E 20 20 49 66 20 74 68 65 20 69 6E 66
6F 20 61 6E 64 20 75 6E 61 6D 65 20 70 72 6F 67 72 61 6D 73
20 61 72 65 20 70 72 6F 70 65 72 6C 79 0A 20 20 20 20 20 20
20 69 6E 73 74 61 6C 6C 65 64 20 61 74 20 79 6F 75 72 20 73
69 74 65 2C 20 74 68 65 20 63 6F 6D 6D 61 6E 64 0A 0A 20 20
20 20 20 20 20 20 20 20 20 20 20 20 69 6E 66 6F 20 75 6E 61
6D 65 0A 0A 20 20 20 20 20 20 20 73 68 6F 75 6C 64 20 67 69
76 65 20 79 6F 75 20 61 63 63 65 73 73 20 74 6F 20 74 68 65
20 63 6F 6D 70 6C 65 74 65 20 6D 61 6E 75 61 6C 2E 0A 0A 47
4E 55 20 63 6F 72 65 75 74 69 6C 73 20 36 2E 39 2E 39 32 2E
34 2D 66 30 38 38 64 2D 64 69 72 74 79 20 20 20 20 20 20 20
20 20 20 20 20 20 20 20 20 20 20 20 20 4A 61 6E 75 61 72 79
20 32 30 30 38 20 20 20 20 20 20 20 20 20 20 20 20 20 20 20
20 20 20 20 20 20 20 20 20 20 20 20 20 20 20 20 20 20 20 20
20 20 20 20 20 20 20 20 20 20 55 4E 41 4D 45 28 31 29 0A
